image_width: 1280
image_height: 720
camera_name: camerav2_1280x720
camera_matrix:
  rows: 3
  cols: 3
  data: [289.245025, 0, 153.664137, 0, 289.021524, 124.625147, 0, 0, 1]
distortion_model: plumb_bob
distortion_coefficients:
  rows: 1
  cols: 5
  data: [0.108131, -0.372555, 0.001054, 0.004092, 0]
rectification_matrix:
  rows: 3
  cols: 3
  data: [1, 0, 0, 0, 1, 0, 0, 0, 1]
projection_matrix:
  rows: 3
  cols: 4
  data: [287.812927, 0, 153.848962, 0, 0, 290.125305, 124.327832, 0, 0, 0, 1, 0]